77777777777777777777777777777777
77777777777777777777777777777777
77777777777777777777777777777777
77777777117777777777777777777777
77777726886677777777777777777777
77776888880617776177711777777777
77775888888881778617686777777777
77718888088806772888888777777777
77778882888888778888888177777777
77777977388888128888888177777777
77777772888888606080688877777777
77777778088888888885608807777777
77777775888888886682868867777777
77777777788888886658088817777777
77777777788888888888888877777777
77777777788888888880088847777777
77777777788888888888888847777777
77777777748888888888688877777777
77777777708888888886806877777777
77777777778888888888888777777777
77777777778888880888880777777777
77777777772888888888885777777777
77777777778888880888887777777777
77777777777888888808877777777777
77777777777888088888877777777777
77777777777888788886877777777777
77777777777888608088877777777777
77777777777368585286877777777777
77777777777777777488877777777777
77777777777777777780667777777777
77777777777777777755777777777777
77777777777777777777777777777777